1 Water….Water
4.666
4.954
4.946
4.762
4.480
3.470
2.117
0.874
2 Water….MeOH
5.298
5.629
5.627
5.423
5.106
3.956
2.391
0.954
3 Water….MeNH2
6.606
6.957
6.941
6.695
6.318
4.928
2.980
1.142
4 Water….Peptide
7.739
8.131
8.128
7.878
7.482
5.994
3.830
1.439
5 MeOH….MeOH
5.387
5.771
5.804
5.620
5.312
4.151
2.528
1.011
6 MeOH….MeNH2
7.081
7.554
7.601
7.378
6.994
5.505
3.345
1.273
7 MeOH….Peptide
7.756
8.235
8.289
8.072
7.692
6.188
3.647
1.098
8 MeOH….Water
4.675
5.017
5.045
4.881
4.610
3.598
2.205
0.909
9 MeNH2….MeOH
2.837
3.051
3.037
2.892
2.682
1.971
1.098
0.393
10 MeNH2….MeNH2
3.722
4.104
4.153
4.002
3.742
2.781
1.302
0.385
11 MeNH2….Peptide
4.958
5.354
5.397
5.222
4.923
3.197
1.397
0.455
12 MeNH2….Water
6.861
7.291
7.312
7.077
6.691
5.231
3.155
1.196
13 Peptide….MeOH
5.753
6.165
6.220
6.054
5.759
4.608
2.948
1.307
14 Peptide….MeNH2
6.907
7.411
7.500
7.324
6.986
5.610
3.549
1.488
15 Peptide….Peptide
8.096
8.586
8.659
8.464
8.105
6.649
4.407
1.775
16 Peptide….Water
4.761
5.108
5.150
5.005
4.754
3.799
2.454
1.137
17 Uracil….Uracil (BP)
16.066
17.187
17.405
17.034
16.293
13.190
8.357
3.337
18 Water….Pyridine
6.484
6.870
6.879
6.653
6.289
4.929
3.006
1.184
19 MeOH….Pyridine
6.876
7.374
7.448
7.253
6.897
5.473
3.373
1.328
20 AcOH….AcOH
17.925
19.170
19.397
18.965
18.125
14.635
9.219
3.594
21 AcNH2….AcNH2
15.274
16.299
16.472
16.094
15.380
12.460
8.007
3.008
22 AcOH….Uracil
18.324
19.524
19.759
19.361
18.565
15.198
9.867
4.150
23 AcNH2….Uracil
18.076
19.195
19.432
19.086
18.367
15.265
10.240
4.662
24 Benzene….Benzene (π-π)
-0.138
1.791
2.521
2.633
2.450
1.479
0.468
0.059
25 Pyridine….Pyridine (π-π)
0.964
2.891
3.610
3.689
3.452
2.299
0.945
0.233
26 Uracil….Uracil (π-π)
7.593
9.266
9.619
9.256
8.541
5.993
3.071
0.986
27 Benzene….Pyridine (π-π)
0.362
2.413
3.156
3.234
3.001
1.913
0.705
0.143
28 Benzene….Uracil (π-π)
3.178
4.924
5.465
5.351
4.916
3.207
1.334
0.246
29 Pyridine….Uracil (π-π)
3.374
5.878
6.576
6.391
5.820
3.793
1.752
0.529
30 Benzene….Ethene
0.021
0.939
1.269
1.292
1.172
0.651
0.159
-0.013
31 Uracil….Ethene
2.396
3.092
3.257
3.137
2.878
1.949
0.918
0.251
32 Uracil….Ethyne
2.587
3.387
3.587
3.464
3.183
2.159
1.012
0.264
33 Pyridine….Ethene
0.668
1.447
1.721
1.719
1.581
0.985
0.350
0.042
34 Pentane….Pentane
2.796
3.564
3.723
3.567
3.265
2.211
1.039
0.263
35 Neopentane….Pentane
1.822
2.460
2.580
2.456
2.228
1.479
0.690
0.185
36 Neopentane….Neopentane
1.425
1.705
1.742
1.625
1.502
1.018
0.497
0.132
37 Cyclopentane….Neopentane
1.576
2.217
2.373
2.295
2.111
1.449
0.699
0.189
38 Cyclopentane….Cyclopentane 
2.198
2.800
2.956
2.824
2.563
1.693
0.780
0.201
39 Benzene….Cyclopentane
1.969
3.081
3.438
3.364
3.083
2.026
0.884
0.189
40 Benzene….Neopentane
1.712
2.549
2.791
2.721
2.502
1.674
0.762
0.187
41 Uracil….Pentane
3.679
4.560
4.724
4.502
3.999
2.402
0.961
0.212
42 Uracil….Cyclopentane
2.900
3.836
4.019
3.823
3.459
2.249
1.000
0.246
43 Uracil….Neopentane
2.756
3.500
3.613
3.415
3.083
2.013
0.912
0.229
44 Ethene….Pentane
1.597
1.918
1.943
1.822
1.639
1.069
0.481
0.117
45 Ethyne….Pentane
0.992
1.510
1.646
1.589
1.444
0.932
0.400
0.092
46 Peptide….Pentane
3.655
4.115
4.162
3.974
3.665
2.586
1.172
0.282
47 Benzene….Benzene (TS)
1.493
2.452
2.762
2.731
2.536
1.734
0.818
0.222
48 Pyridine….Pyridine (TS)
2.402
3.199
3.440
3.375
3.154
2.259
1.168
0.370
49 Benzene….Pyridine (TS)
1.945
2.922
3.226
3.176
2.955
2.068
1.042
0.332
50 Benzene….Ethyne (CH-π)
1.791
2.580
2.810
2.747
2.545
1.772
0.890
0.272
51 Ethyne….Ethyne (TS)
1.170
1.434
1.489
1.431
1.318
0.913
0.452
0.134
52 Benzene….AcOH (OH-π)
3.908
4.525
4.655
4.508
4.213
3.107
1.697
0.554
53 Benzene….AcNH2 (NH-π)
3.768
4.242
4.334
4.201
3.945
2.960
1.641
0.481
54 Benzene….Water(OH-π)
2.745
3.161
3.224
3.094
2.870
2.089
1.154
0.417
55 Benzene….MeOH (OH-π)
3.338
3.950
4.106
3.998
3.749
2.774
1.524
0.518
56 Benzene….MeNH2 (NH-π)
2.381
2.977
3.139
3.044
2.803
1.922
0.933
0.260
57 Benzene….Peptide (NH-π)
3.595
4.828
5.176
5.059
4.715
3.384
1.799
0.619
58 Pyridine….Pyridine (CH-N)
2.884
3.869
4.166
3.890
3.442
2.173
1.005
0.274
59 Ethyne….Water (CH-O)
2.604
2.865
2.899
2.799
2.628
1.999
1.178
0.461
60 Ethyne….AcOH (OH-π)
4.306
4.787
4.854
4.679
4.371
3.234
1.760
0.556
61 Pentane….AcOH
2.629
2.835
2.820
2.677
2.467
1.757
0.773
0.166
62 Pentane….AcNH2
3.074
3.426
3.437
3.259
2.988
2.078
1.025
0.268
63 Benzene….AcOH
2.547
3.444
3.671
3.546
3.253
2.195
1.007
0.259
64 Peptide….Ethene
2.527
2.881
2.928
2.801
2.585
1.828
0.867
0.188
65 Pyridine….Ethyne
3.661
4.008
4.066
3.946
3.724
2.866
1.679
0.618
66 MeNH2….Pyridine
3.360
3.796
3.893
3.784
3.560
2.677
1.488
0.490
